11
03
14
16
11
03
04
15
17
18
01
02
13
15
16
07
01
10
11
11
01
01
10
11
11
01
01
10
11
11
01
01
10
11
11
01
01
10
11
11
01
01
10
11
11
01
01
10
11
11
01
01
10
11
11
01
01
10
11
11
01
01
10
11
11
01
01
10
11
11
01
01
10
11
11
01
01
10
11
11
01
01
10
11
11
01
01
10
11
11
01
01
10
11
11
01
01
10
11
11
01
01
10
11
11
01
01
10
11
11
01
01
10
11
11
01
01
10
11
11
01
01
10
11
11
01
01
10
11
11
01
01
10
11
11
01
01
10
11
11
01
01
10
11
11
01
01
10
11
11
01
01
10
11
11
01
01
10
11
11
01
01
10
11
11
01
01
10
11
11
01
01
10
11
11
01
01
10
11
11
01
01
10
11
11
01
01
10
11
11
01
01
10
11
11
01
01
10
11
11
01
01
10
11
11
01
01
10
11
11
01
01
10
11
11
01
01
10
11
11
01
01
10
11
11
01
01
10
11
11
01
01
10
11
11
01
01
10
11
11
01
01
10
11
11
01
01
10
11
11
01
01
10
11
11
01
01
10
11
11
01
01
10
11
11
01
01
10
11
11
01
01
10
11
11
01
01
10
11
11
01
01
10
11
11
01
01
10
11
11
01
01
10
11
11
01
01
10
11
11
01
01
10
11
11
01
01
10
11
11
01
01
10
11
11
01
01
10
11
11
01
01
10
11
11
01
01
10
11
11
01
01
10
11
11
01
01
10
11
11
01
01
10
11
11
01
01
10
11
11
01
01
10
11
11
01
01
10
11
11
01
01
10
11
11
01
01
10
11
11
01
01
10
11
11
01
01
10
11
11
01
01
10
11
11
01
01
10
11
11
01
01
10
11
11
01
01
10
11
